0 0
0.1 0
0.2 0
0.3 0
0.4 0
0.5 0
0.6 0
0.7 2.22486e-310
0.8 2.75229e-297
0.9 8.54399e-286
1 1.4494e-275
1.1 2.34074e-266
1.2 5.42192e-258
1.3 2.45902e-250
1.4 2.78134e-243
1.5 9.5044e-237
1.6 1.14531e-230
1.7 5.52293e-225
1.8 1.18349e-219
1.9 1.23032e-214
2 6.68297e-210
2.1 2.02088e-205
2.2 3.59261e-201
2.3 3.93634e-197
2.4 2.77003e-193
2.5 1.29805e-189
2.6 4.18187e-186
2.7 9.52804e-183
2.8 1.57448e-179
2.9 1.93004e-176
3 1.79095e-173
3.1 1.28122e-170
3.2 7.18386e-168
3.3 3.2048e-165
3.4 1.15314e-162
3.5 3.38855e-160
3.6 8.22531e-158
3.7 1.66666e-155
3.8 2.8463e-153
3.9 4.13346e-151
4 5.14647e-149
4.1 5.53567e-147
4.2 5.18033e-145
4.3 4.2454e-143
4.4 3.06551e-141
4.5 1.96146e-139
4.6 1.11805e-137
4.7 5.70562e-136
4.8 2.61897e-134
4.9 1.08602e-132
5 4.0852e-131
5.1 1.39936e-129
5.2 4.38094e-128
5.3 1.25781e-126
5.4 3.32259e-125
5.5 8.09994e-124
5.6 1.82762e-122
5.7 3.8272e-121
5.8 7.45747e-120
5.9 1.35546e-118
6 2.30349e-117
